sqrt(2) = 1.4142135623731
exppi = 23.1406926327793
piexp = 22.459157718361
sqrt2*sqrt2 = 2 (should be equal 2)
ln(exppi) = 3.14159265358979 (should be equal 3.14159265358979)
log10(piexp) = 2.71828182845905 (should be equal 2.71828182845905)
